4.568595048288098259e-01
4.568563475066467205e-01
4.568531849513347565e-01
4.568500168360485336e-01
4.568468428102189227e-01
4.568436624975395488e-01
4.568404754943271029e-01
4.568372813670442123e-01
4.568340796503349566e-01
4.568308698444666915e-01
4.568276514127030397e-01
4.568244237786029949e-01
4.568211863229387215e-01
4.568179383804618632e-01
4.568146792364158326e-01
4.568114081229225354e-01
4.568081242148228083e-01
4.568048266255095302e-01
4.568015144022832263e-01
4.567981865214201243e-01
4.567948418829126389e-01
4.567914793049780431e-01
4.567880975177206482e-01
4.567846951570070368e-01
4.567812707575156783e-01
4.567778227452059525e-01
4.567743494299074114e-01
4.567708489966341157e-01
4.567673194971692552e-01
4.567637588403395954e-01
4.567601647823000266e-01
4.567565349159504184e-01
4.567528666598936193e-01
4.567491572468085348e-01
4.567454037110383891e-01
4.567416028755124091e-01
4.567377513385869059e-01
4.567338454594632169e-01
4.567298813435596849e-01
4.567258548271979079e-01
4.567217614615585730e-01
4.567175964962837398e-01
4.567133548624818240e-01
4.567090311554310444e-01
4.567046196168050853e-01
4.567001141166958100e-01
4.566955081354517332e-01
4.566907947456855243e-01
4.566859665935826817e-01
4.566810158814770260e-01
4.566759343498714707e-01
4.566707132602279007e-01
4.566653433787898342e-01
4.566598149603434131e-01
4.566541177336228552e-01
4.566482408877400312e-01
4.566421730593749340e-01
4.566359023218230506e-01
4.566294161752921799e-01
4.566227015384698995e-01
4.566157447421833049e-01
4.566085315236722564e-01
4.566010470232939600e-01
4.565932757816930088e-01
4.565852017386132222e-01
4.565768082324580535e-01
4.565680780004011119e-01
4.565589931794100664e-01
4.565495353064695228e-01
4.565396853197040139e-01
4.565294235579882010e-01
4.565187297605704519e-01
4.565075830652449151e-01
4.564959620056504574e-01
4.564838445071980888e-01
4.564712078819881946e-01
4.564580288223300530e-01
4.564442833933441968e-01
4.564299470248649460e-01
4.564149945023345256e-01
4.563993999578799809e-01
4.563831368609363448e-01
4.563661780091971543e-01
4.563484955198418014e-01
4.563300608217311094e-01
4.563108446476167868e-01
4.562908170278635600e-01
4.562699472844851667e-01
4.562482040259296379e-01
4.562255551426823708e-01
4.562019678031023484e-01
4.561774084498905757e-01
4.561518427959159183e-01
4.561252358209275104e-01
4.560975517668468537e-01
4.560687541329980776e-01
4.560388056702452397e-01
4.560076683738978343e-01
4.559753034754205903e-01
4.559416714320707609e-01
4.559067319151354769e-01
4.558704437952885713e-01
4.558327651264976743e-01
4.557936531264491498e-01
4.557530641548688255e-01
4.557109536883874878e-01
4.556672762927505005e-01
4.556219855915759065e-01
4.555750342321184809e-01
4.555263738469538803e-01
4.554759550136163182e-01
4.554237272096089972e-01
4.553696387648485389e-01
4.553136368112292165e-01
4.552556672279183814e-01
4.551956745853874553e-01
4.551336020851468600e-01
4.550693914980138421e-01
4.550029830992857738e-01
4.548918988603076752e-01
4.547752244225100049e-01
4.546547997668659025e-01
4.545305334431968269e-01
4.544023322138571186e-01
4.542701009849805516e-01
4.541337427350295441e-01
4.539931584426290523e-01
4.538482470113901490e-01
4.536989051940452100e-01
4.535450275155540334e-01
4.533865061946382169e-01
4.532232310657868246e-01
4.530550895008549350e-01
4.528819663311534072e-01
4.527037437722719604e-01
4.525203013503117377e-01
4.523315158339527020e-01
4.521372611725706370e-01
4.519374084444832129e-01
4.517318258199203851e-01
4.515203785443755446e-01
4.513029289519960852e-01
4.510793365216614337e-01
4.508494579932879609e-01
4.506131475714117429e-01
4.503702572523049508e-01
4.501206373272257921e-01
4.498641371370394326e-01
4.496006061802864662e-01
4.493298957179645559e-01
4.490518610614845363e-01
4.487663647823825763e-01
4.484732811138457675e-01
4.481725018006550432e-01
4.478639435127346191e-01
4.475475565495178332e-01
4.472233337221396821e-01
4.468913167332723702e-01
4.465515946540821179e-01
4.462042853354386551e-01
4.458494938875895430e-01
4.454872834171793583e-01
4.451177199632485038e-01
4.447293491850648484e-01
4.443277898485403776e-01
4.439178297323795874e-01
4.434989780322218245e-01
4.430707155375444017e-01
4.426325246225778498e-01
4.421839072298558992e-01
4.417243930912588823e-01
4.412535413059028300e-01
4.407709379948828166e-01
4.402761920157783337e-01
4.397689300227400899e-01
4.392487916209336096e-01
4.387154249975236953e-01
4.381684831855940376e-01
4.376076209810786932e-01
4.370324924663150368e-01
4.364427490593461578e-01
4.358380379982004782e-01
4.352180011463136489e-01
4.290235648230722454e-01
4.244777388085455572e-01
4.235331598058561520e-01
4.225509065054340319e-01
4.215176920116613379e-01
4.204713388102054861e-01
4.194354705477802980e-01
4.184123053185731522e-01
4.174012274452258420e-01
4.164021094621735419e-01
4.154149980968032119e-01
4.084187488341003425e-01
4.046322486610802183e-01
4.040959014504188485e-01
4.035457822314160170e-01
4.029815495669094583e-01
4.024028537518615778e-01
4.018093366332064487e-01
4.012002040690965110e-01
4.005758097724432809e-01
3.999354316383638142e-01
3.992786660350750583e-01
3.986050972713482965e-01
3.979142966862250774e-01
3.972058215479381538e-01
3.964792137135209060e-01
3.957339979872054880e-01
3.949730881797438586e-01
3.942772482040197146e-01
3.935634690147997161e-01
3.928312368376725705e-01
3.920800061446692020e-01
3.913091937460170811e-01
3.905181714045807828e-01
3.897062566052296728e-01
3.888727010213726687e-01
3.880166761180544599e-01
3.871372552049718863e-01
3.862333911063286496e-01
3.853038884467722136e-01
3.843703143436402181e-01
3.834198091848043943e-01
3.824398667973443744e-01
3.814283332749833222e-01
3.803826486650901950e-01
3.792997576123616210e-01
3.781760038501126298e-01
3.770070077781436102e-01
3.757875277025531924e-01
3.705288804439865746e-01
3.640448674497812620e-01
3.621208637972868072e-01
3.601083468205597549e-01
3.580026769341774773e-01
3.557999814148892215e-01
3.532787351908834306e-01
3.503070403635353269e-01
3.475768330805614759e-01
3.451804434237334962e-01
3.429335617178604356e-01
3.406314502658306931e-01
3.382610543671923931e-01
3.358271255248963527e-01
3.340650584060965711e-01
3.325252437949551831e-01
3.308119718094828521e-01
3.289168550731599860e-01
3.268373117621790058e-01
3.242789914018490705e-01
3.205092546178054946e-01
3.170310755616835841e-01
3.137901583854815768e-01
3.107459051301181829e-01
3.078272862424746292e-01
3.049840368661591028e-01
2.977640767970950453e-01
2.863575819144602019e-01
2.720312873857123059e-01
2.579653675938902158e-01
2.444276791070814081e-01
2.315284030766628642e-01
2.192861508469969856e-01
2.077046916059168136e-01
1.967756026872389263e-01
1.864820581268177291e-01
1.768009671300770635e-01
1.677041670128119055e-01
1.591590132303703498e-01
1.511285337333838075e-01
1.435712166569706738e-01
1.364967872622733502e-01
1.298862107425751145e-01
1.236365213793666207e-01
1.178167879835763515e-01
1.123450903038843846e-01
1.072058708294967438e-01
1.024032165246431814e-01
9.789392029677333740e-02
9.364261735513354501e-02
8.971595734366639985e-02
8.594546088360882630e-02
8.249703995394694345e-02
7.924574842385015416e-02
7.612733776590756285e-02
7.327336905058787209e-02
7.061646770660073846e-02
6.807098888555206118e-02
6.563352311183230647e-02
6.344390944523936593e-02
6.139870633322149635e-02
5.944300429577418360e-02
5.757290114125096503e-02
5.578539817403888046e-02
5.416963457924763720e-02
5.270066667050470055e-02
5.129725300956589074e-02
4.995679329606166064e-02
4.867670481416958711e-02
4.745442798270276680e-02
4.628743357413592219e-02
4.517323188322645150e-02
4.421782625641709069e-02
4.332520697082984512e-02
4.247227504002303727e-02
4.165715560080361646e-02
4.087808600316399088e-02
4.013344211474875745e-02
3.942176946942393262e-02
3.874181993787693262e-02
3.809259465010578216e-02
3.747339393394661516e-02
3.688387504414519791e-02
3.632411840046952112e-02
3.579470297038053750e-02
3.529679117142303646e-02
3.485838316844125373e-02
3.449654814420601012e-02
3.416797140602631511e-02
3.387649743256920809e-02
3.362691863921318802e-02
3.342507113708908378e-02
3.327792132618097309e-02
2.388713700466677664e-02
2.505448498817989395e-02
2.661886717325632687e-02
2.816804412335511751e-02
2.972165440783537324e-02
3.125332561641187140e-02
3.275932780704606667e-02
3.423582682004826933e-02
3.579772918556304445e-02
3.744831725137560269e-02
3.904882190790827379e-02
4.059463131565120564e-02
4.208114787076413371e-02
4.350382758785618920e-02
4.485822698931590802e-02
4.628409818102395545e-02
4.764101205535337807e-02
4.890695954184610256e-02
5.007832110330408953e-02
5.115203705245962434e-02
5.212575067291674857e-02
5.299797775662422328e-02
5.376830702094184677e-02
5.443763641456319385e-02
5.500928314707454608e-02
5.553298444690139835e-02
5.596076751993091930e-02
5.630298474057550406e-02
5.657352862644467184e-02
5.679046933335579056e-02
5.697677355801337301e-02
5.716110271427814193e-02
5.737868133913592156e-02
5.767221660429031754e-02
5.809283573724477456e-02
5.870098931323525920e-02
5.956724423370903659e-02
6.077286080380304295e-02
6.241001477611705234e-02
6.458149037937785386e-02
6.760116160871941504e-02
7.148652851211055592e-02
7.642933351529827835e-02
8.278835201652305631e-02
9.076567719715743221e-02
1.006206124334013963e-01
1.126184488317069216e-01
1.269748886475944027e-01
1.437582203059515340e-01
1.628852938561813346e-01
1.840355719606358298e-01
2.067521126166294299e-01
2.304122370716243373e-01
2.543434723579018342e-01
2.779459924390906278e-01
3.006787756501121955e-01
3.221475262616337876e-01
3.420908850745986718e-01
3.603643488661126826e-01
3.769197392088176612e-01
3.917847135287720883e-01
4.050330139622423387e-01
4.167745779431420439e-01
4.271320636620162259e-01
4.362367377156967096e-01
4.442190022080890754e-01
