4.572778881898320602e-01
4.572746146653696719e-01
4.572713408942258861e-01
4.572680668747649557e-01
4.572647926051704448e-01
4.572615180837911741e-01
4.572582433088423493e-01
4.572549682785653768e-01
4.572516929911324413e-01
4.572484174446522220e-01
4.572451416372130262e-01
4.572418655670092424e-01
4.572385892319420497e-01
4.572353126299849024e-01
4.572320357590417550e-01
4.572287586168554130e-01
4.572254812012155334e-01
4.572222035096720205e-01
4.572189255397792751e-01
4.572156472888924683e-01
4.572123687543105941e-01
4.572090899332248437e-01
4.572058108227212703e-01
4.572025314197898371e-01
4.571992517213437912e-01
4.571959717241412813e-01
4.571926914248871099e-01
4.571894108203503615e-01
4.571861299068911144e-01
4.571828486811366776e-01
4.571795671393820704e-01
4.571762852778592512e-01
4.571730030928010668e-01
4.571697205801962816e-01
4.571664377359989651e-01
4.571631545560343457e-01
4.571598710359208173e-01
4.571565871712037210e-01
4.571533029573066065e-01
4.571500183894399716e-01
4.571467334626857504e-01
4.571434481719879317e-01
4.571401625121229717e-01
4.571368764776198579e-01
4.571335900629456828e-01
4.571303032622879292e-01
4.571270160696960239e-01
4.571237284790017341e-01
4.571204404837670987e-01
4.571171520773451014e-01
4.571138632529553880e-01
4.571105740034219211e-01
4.571072843215097659e-01
4.571039941994797795e-01
4.571007036294981174e-01
4.570974126033609530e-01
4.570941211125688075e-01
4.570908291482974062e-01
4.570875367014171076e-01
4.570842437623112708e-01
4.570809503212105440e-01
4.570776563677616533e-01
4.570743618912995188e-01
4.570710668806694521e-01
4.570677713242400908e-01
4.570644752100362918e-01
4.570611785253674286e-01
4.570578812571111094e-01
4.570545833916596634e-01
4.570512849146087242e-01
4.570479858110301219e-01
4.570446860653354371e-01
4.570413856611930670e-01
4.570380845814704385e-01
4.570347828083330399e-01
4.570314803230164924e-01
4.570281771057917442e-01
4.570248731361429839e-01
4.570215683924282457e-01
4.570182628518451584e-01
4.570149564905732764e-01
4.570116492835170074e-01
4.570083412042195703e-01
4.570050322249084029e-01
4.570017223162066711e-01
4.569984114473548131e-01
4.569950995856938980e-01
4.569917866968077891e-01
4.569884727444560868e-01
4.569851576902020929e-01
4.569818414935182260e-01
4.569785241114708296e-01
4.569752054985560807e-01
4.569718856066338764e-01
4.569685643847572476e-01
4.569652417786858600e-01
4.569619177310956237e-01
4.569585921809253826e-01
4.569552650634801649e-01
4.569519363098126230e-01
4.569486058468050782e-01
4.569452735964723011e-01
4.569419394759930975e-01
4.569386033969451422e-01
4.569352652652265423e-01
4.569319249805290917e-01
4.569285824358216286e-01
4.569252375169333136e-01
4.569218901019435064e-01
4.569185400606229908e-01
4.569151872539909398e-01
4.569118315333320357e-01
4.569084727396459655e-01
4.569051107030580594e-01
4.569017452415076730e-01
4.568983761604404337e-01
4.568950032512633652e-01
4.568916262908446768e-01
4.568882450398357165e-01
4.568848592420249877e-01
4.568814686226093658e-01
4.568780728869059615e-01
4.568746717190023121e-01
4.568712647799878512e-01
4.568678517061273703e-01
4.568644321071687608e-01
4.568610055642225998e-01
4.568575716275842802e-01
4.568541298142855256e-01
4.568506796058585118e-01
4.568472204452805885e-01
4.568437517343379439e-01
4.568402728303437854e-01
4.568367830427838561e-01
4.568332816298507626e-01
4.568297677943887747e-01
4.568262406796693154e-01
4.568226993653322632e-01
4.568191428622202510e-01
4.568155701073201569e-01
4.568119799584640650e-01
4.568083711883310638e-01
4.568047424781752075e-01
4.568010924112194115e-01
4.567974194653851017e-01
4.567937220058588821e-01
4.567899982767565370e-01
4.567862463926102845e-01
4.567824643292447417e-01
4.567786499139163681e-01
4.567748008149473127e-01
4.567709145309956642e-01
4.567669883792909169e-01
4.567630194834398361e-01
4.567590047607292814e-01
4.567549409084574741e-01
4.567508243900183507e-01
4.567466514197079386e-01
4.567424179476839430e-01
4.567381196436315904e-01
4.567337518801977692e-01
4.567293097157885673e-01
4.567247878766985680e-01
4.567201807391722546e-01
4.567154823106514550e-01
4.567106862109830967e-01
4.567057856533733862e-01
4.567007734253347162e-01
4.566956418694753661e-01
4.566903828646504127e-01
4.566849878076409408e-01
4.566794475946592269e-01
4.566737526043017636e-01
4.566678926808367955e-01
4.566618571187431308e-01
4.566556346481051021e-01
4.566492134217968735e-01
4.566425810036809363e-01
4.566357243586720571e-01
4.566286298440727087e-01
4.566212832031831814e-01
4.566136695597888262e-01
4.566057734151524050e-01
4.565975786458298935e-01
4.565890685028664575e-01
4.565802256128652092e-01
4.565710319789987315e-01
4.565614689831468120e-01
4.565515173883992750e-01
4.565411573411338186e-01
4.565303683729988737e-01
4.565191294022293289e-01
4.565074187339664413e-01
4.564952140596146291e-01
4.564824924545223261e-01
4.564692303751602953e-01
4.564554036540059423e-01
4.564409874942376155e-01
4.564259564626753085e-01
4.564102844823113569e-01
4.563939448241668972e-01
4.563769100988108174e-01
4.563591522481997287e-01
4.563406425371421271e-01
4.563213515456895908e-01
4.563012491618845812e-01
4.562803045750477571e-01
4.562584862699181065e-01
4.562357620211257569e-01
4.562120988885389195e-01
4.561874632126070583e-01
4.561618206099206096e-01
4.561351359690923313e-01
4.561073734457282147e-01
4.560784964575325673e-01
4.560484676780980351e-01
4.560172490298233239e-01
4.559848016755284061e-01
4.559510860085803641e-01
4.559160616408376443e-01
4.558796873889595092e-01
4.558419212580349655e-01
4.558027204228736196e-01
4.557620412067810434e-01
4.557198390567612778e-01
4.556760685163763203e-01
4.556306831950454050e-01
4.555836357342556431e-01
4.555348777697872387e-01
4.554843598914233849e-01
4.554320315983485523e-01
4.553778412517580088e-01
4.553217360234863009e-01
4.552636618418572367e-01
4.552035633339312493e-01
4.551413837649745386e-01
4.550770649746807006e-01
4.550105473109132270e-01
4.549040740492156232e-01
4.547870942294433005e-01
4.546663574345331527e-01
4.545417720515256277e-01
4.544132446784770463e-01
4.542806800553040314e-01
4.541439809936372862e-01
4.540030483039629861e-01
4.538577807220757210e-01
4.537080748337457559e-01
4.535538249990991866e-01
4.533949232758433534e-01
4.532312593436029768e-01
4.530627204278072084e-01
4.528891912264764730e-01
4.527105538388793704e-01
4.525266876986846487e-01
4.523374695141332835e-01
4.521427732166178881e-01
4.519424699230378817e-01
4.517364279165059227e-01
4.515245126531092779e-01
4.513065868050814555e-01
4.510825103550800130e-01
4.508521407609474840e-01
4.506153332207598616e-01
4.503719410744050911e-01
4.501218163981162701e-01
4.498648108622245734e-01
4.496007769523751585e-01
4.493295696788560112e-01
4.490510489360234891e-01
4.487650826927289116e-01
4.484715512010825633e-01
4.481703523475273343e-01
4.478614080925751861e-01
4.475446715457802038e-01
4.472201334703373998e-01
4.468878256846758878e-01
4.465478166952331351e-01
4.462001927658794664e-01
4.458450244106829663e-01
4.454823523919516082e-01
4.451122285950664947e-01
4.447228160758194271e-01
4.443203106853175210e-01
4.439093281687092607e-01
4.434894132760743846e-01
4.430600786530812796e-01
4.426208305327203885e-01
4.421711857555472580e-01
4.417106809908538101e-01
4.412388761550718463e-01
4.407553540250716551e-01
4.402597176585167915e-01
4.397515867706515702e-01
4.392305938132025078e-01
4.386963801952202258e-01
4.381485928767033244e-01
4.375868814291238307e-01
4.370108955779356541e-01
4.364202831935095617e-01
4.358146886710069223e-01
4.351937515727572481e-01
4.288737532693815413e-01
4.244731026650528927e-01
4.235228222416716481e-01
4.225321498521167896e-01
4.214947039059241396e-01
4.204463629543393477e-01
4.194083754695220323e-01
4.183832610659997120e-01
4.173704257726967293e-01
4.163697007335208644e-01
4.153811108504092964e-01
4.082254947038800874e-01
4.046272923941743316e-01
4.040900063452094182e-01
4.035389247099228083e-01
4.029737054835700882e-01
4.023939983810717602e-01
4.017994446568169398e-01
4.011896769213503799e-01
4.005643189551574834e-01
3.999229855195502448e-01
3.992652821639759986e-01
3.985908050310358886e-01
3.978991406582659263e-01
3.971898657764653673e-01
3.964625471060420625e-01
3.957167411496228526e-01
3.949574204100698704e-01
3.942618903549209852e-01
3.935486967819659121e-01
3.928174059455313283e-01
3.920675739498907242e-01
3.912987465444298651e-01
3.905104589159127393e-01
3.897022354783470921e-01
3.888735896606133613e-01
3.880240236916679963e-01
3.871530283835721842e-01
3.862600829125575896e-01
3.853446545976624282e-01
3.844267873148213832e-01
3.834981261275375308e-01
3.825461781932138483e-01
3.815703835845984937e-01
3.805701699648001424e-01
3.795449523714845008e-01
3.784941330009822247e-01
3.774171009916512110e-01
3.763132322075175562e-01
3.751818890219924540e-01
3.646839930293820364e-01
3.629025965698521317e-01
3.610571369535237052e-01
3.591447490112089636e-01
3.571624029480705009e-01
3.550996951896089882e-01
3.521253621995165672e-01
3.493496236731733484e-01
3.470218538597124036e-01
3.450360139443498508e-01
3.430652450264186082e-01
3.410468347711105297e-01
3.389809004631723077e-01
3.368663958461583507e-01
3.348820348607181030e-01
3.340005380368873400e-01
3.330909176360640211e-01
3.321518427286092590e-01
3.311818298487500534e-01
3.301792090229710430e-01
3.291420812943328666e-01
3.280682655674871384e-01
3.269552323822483286e-01
3.258000217553510547e-01
3.213087462965860119e-01
3.089993794772915581e-01
2.939198095676910927e-01
2.785397841511948469e-01
2.637416849479702896e-01
2.496399551244650739e-01
2.362492575518532756e-01
2.235949057777555093e-01
2.116579057705773037e-01
2.003963709234827806e-01
1.897814798285203386e-01
1.797804713060682236e-01
1.703575151777548813e-01
1.614743094140574653e-01
1.530904294007971178e-01
1.451693141788100994e-01
1.377538477233675729e-01
1.307385704236867230e-01
1.240781958671617752e-01
1.178545869510710942e-01
1.119717284925451639e-01
1.064047644862973208e-01
1.012263054884476599e-01
9.629514997965013534e-02
9.173838882233022185e-02
8.742114169830585146e-02
8.338064506838741008e-02
7.964856782680292124e-02
7.606554903899438724e-02
7.280390246632939544e-02
6.975177686572005264e-02
6.682621278796602171e-02
6.410700254742607296e-02
6.165198495345224766e-02
5.929955836469243818e-02
5.704556159086297817e-02
5.489754549948058782e-02
5.303938346186055919e-02
5.125803082188945536e-02
4.955009221640657713e-02
4.791228385853931598e-02
4.634143768974888916e-02
4.485523106657715586e-02
4.358964739084024431e-02
4.237498969749991379e-02
4.120881755778620092e-02
4.008850989889593125e-02
3.901205910596936000e-02
3.797759749025544918e-02
3.698342749137120689e-02
3.602804177269462033e-02
3.511015426060260652e-02
3.435276877462397488e-02
3.364289970907067412e-02
3.294280393873572077e-02
3.229480579108691407e-02
3.167644352571080679e-02
3.108869748706544200e-02
3.053307935091536737e-02
3.001171302624471710e-02
2.952742238142430295e-02
2.908382451184727061e-02
2.868542644944390221e-02
2.833772220837279046e-02
2.804728588176760157e-02
2.782185520094111048e-02
2.767039864070279867e-02
2.760315791493934967e-02
2.763165679243326928e-02
2.776866658285314510e-02
2.802811837147327345e-02
2.842495093687971361e-02
2.897487741261025110e-02
2.969403063103583790e-02
2.674477454467518930e-02
2.913951138138419841e-02
3.151788577824993914e-02
3.386809888108479466e-02
3.638463900149216390e-02
3.903582643988518647e-02
4.161068049427981558e-02
4.410048527884325581e-02
4.669126743544714520e-02
4.929544733333288825e-02
5.180972174430158866e-02
5.425576366245669913e-02
5.683032380388655658e-02
5.948598511866082933e-02
6.202083335171100498e-02
5.614200962335309103e-02
5.054776975279848261e-02
5.230718596319761798e-02
5.459610326192079754e-02
5.734825952341697508e-02
6.039737177580144917e-02
6.366300716183155572e-02
6.726477447189749270e-02
7.109504042606851204e-02
7.499560418131272221e-02
7.920652226911309435e-02
8.343469738745033781e-02
8.782770849446951134e-02
9.230798559962807848e-02
9.686182913592793209e-02
1.015169073679371842e-01
1.061526504632706730e-01
1.108363833914087354e-01
1.153569599703385823e-01
1.197916609061294158e-01
1.238517192673990047e-01
1.274953528066925246e-01
1.304661039960320901e-01
1.324760538594331738e-01
1.332081352133260288e-01
1.322374328457629755e-01
1.289773175136165462e-01
1.226898411501890773e-01
1.125122493791874817e-01
9.741483444235839173e-02
7.658029470596777744e-02
5.051277144882942299e-02
2.291526220678133385e-02
