4.568914122767624986e-01
4.568880310152804158e-01
4.568846452067695796e-01
4.568812545765662536e-01
4.568778588299649002e-01
4.568744576510362920e-01
4.568710507008766908e-01
4.568676376157325136e-01
4.568642180054294788e-01
4.568607914509308920e-01
4.568573575025867695e-01
4.568539156774851229e-01
4.568504654570814116e-01
4.568470062843870139e-01
4.568435375612240890e-01
4.568400586448154721e-01
4.568365688447307837e-01
4.568330674190786977e-01
4.568295535706731747e-01
4.568260264428916084e-01
4.568224851153098176e-01
4.568189285987347970e-01
4.568153558302120443e-01
4.568117656675586558e-01
4.568081568834065354e-01
4.568045281590792372e-01
4.568008780776970923e-01
4.567972051172600745e-01
4.567935076429152641e-01
4.567897838987874382e-01
4.567860319993863882e-01
4.567822499205248521e-01
4.567784354894660614e-01
4.567745863745387713e-01
4.567707000743520540e-01
4.567667739061404553e-01
4.567628049935524293e-01
4.567587902538124411e-01
4.567547263843382832e-01
4.567506098482679300e-01
4.567464368601113489e-01
4.567422033699635175e-01
4.567379050474821289e-01
4.567335372652805425e-01
4.567290950818145290e-01
4.567245732233666256e-01
4.567199660661141469e-01
4.567152676175396664e-01
4.567104714974391522e-01
4.567055709190905866e-01
4.567005586699073305e-01
4.566954270925401294e-01
4.566901680659230522e-01
4.566847729866189143e-01
4.566792327510094673e-01
4.566735377375421567e-01
4.566676777906255036e-01
4.566616422045690626e-01
4.566554197095832879e-01
4.566489984584591877e-01
4.566423660150801256e-01
4.566355093443095758e-01
4.566284148034500112e-01
4.566210681357759649e-01
4.566134544651329619e-01
4.566055582927243117e-01
4.565973634949794802e-01
4.565888533231547974e-01
4.565800104036903395e-01
4.565708167396911321e-01
4.565612537131872872e-01
4.565513020870813898e-01
4.565409420078144209e-01
4.565301530069998948e-01
4.565189140028744763e-01
4.565072033004998753e-01
4.564949985913547836e-01
4.564822769507033695e-01
4.564690148349027643e-01
4.564551880765128078e-01
4.564407718786850920e-01
4.564257408081801026e-01
4.564100687879785734e-01
4.563937290890039411e-01
4.563766943218624528e-01
4.563589364284502126e-01
4.563404266734693016e-01
4.563211356370726057e-01
4.563010332071593123e-01
4.562800885730140532e-01
4.562582702193092588e-01
4.562355459207417252e-01
4.562118827370003071e-01
4.561872470085243103e-01
4.561616043518547103e-01
4.561349196555148366e-01
4.561071570750819815e-01
4.560782800281713012e-01
4.560482511882864576e-01
4.560170324778022310e-01
4.559845850593869376e-01
4.559508693263904511e-01
4.559158448905475947e-01
4.558794705684611204e-01
4.558417043650474509e-01
4.558025034550927668e-01
4.557618241617444332e-01
4.557196219318554453e-01
4.556758513090001239e-01
4.556304659024817960e-01
4.555834183534049897e-01
4.555346602976705905e-01
4.554841423248532362e-01
4.554318139339915694e-01
4.553776234860795191e-01
4.553215181528570965e-01
4.552634438624850732e-01
4.552033452418670079e-01
4.551411655561535818e-01
4.550768466447539518e-01
4.550103288554404601e-01
4.549037139620422110e-01
4.547867341701252175e-01
4.546659974038052554e-01
4.545414120500662625e-01
4.544128847070196819e-01
4.542803201146005665e-01
4.541436210844267407e-01
4.540026884270167984e-01
4.538574208782097941e-01
4.537077150237743273e-01
4.535534652238789044e-01
4.533945635362627291e-01
4.532308996405051693e-01
4.530623607622278337e-01
4.528888315993581659e-01
4.527101942511497223e-01
4.525263281514483871e-01
4.523371100084597196e-01
4.521424137537723986e-01
4.519421105042149001e-01
4.517360685430931166e-01
4.515241533265889062e-01
4.513062275270737778e-01
4.510821511272454232e-01
4.508517815854716781e-01
4.506149740998903197e-01
4.503715820108291634e-01
4.501214573949432474e-01
4.498644519233249706e-01
4.496004180821978613e-01
4.493292108831448695e-01
4.490506902218114882e-01
4.487647240689690009e-01
4.484711926789000658e-01
4.481699939412328026e-01
4.478610498204129708e-01
4.475443134309976534e-01
4.472197755418419463e-01
4.468874679782731674e-01
4.465474592541009979e-01
4.461998356399076715e-01
4.458446676548885601e-01
4.454819960644009202e-01
4.451118727567167088e-01
4.447224448283306764e-01
4.443199398605028327e-01
4.439089577210658666e-01
4.434890431632850794e-01
4.430597088376793669e-01
4.426204609827373848e-01
4.421708164445305456e-01
4.417103118976357101e-01
4.412385072631048177e-01
4.407549853218985514e-01
4.402593491351470822e-01
4.397512184208589026e-01
4.392302256331032106e-01
4.386960121828174519e-01
4.381482250314420734e-01
4.375865137516710135e-01
4.370105280699351780e-01
4.364199158572278359e-01
4.358143215092880607e-01
4.351933845889935371e-01
4.288686795598430912e-01
4.244725785416106900e-01
4.235223008098435438e-01
4.225316329049360609e-01
4.214941944887810044e-01
4.204458624596066341e-01
4.194078841368114596e-01
4.183827788361923483e-01
4.173699525351904915e-01
4.163692363760116422e-01
4.153806552608648173e-01
4.082204083625421420e-01
4.046270541467341664e-01
4.040897681503951566e-01
4.035386865690870906e-01
4.029734673980184256e-01
4.023937603522080297e-01
4.017992066860503475e-01
4.011894390101494179e-01
4.005640811050389938e-01
3.999227477319821089e-01
3.992650444405453913e-01
3.985905673734355115e-01
3.978989030680724626e-01
3.971896282554118751e-01
3.964623096558221316e-01
3.957165037720094536e-01
3.949572099308167328e-01
3.942616799390737392e-01
3.935484864311766806e-01
3.928171956613983329e-01
3.920673637341241524e-01
3.912985363987221410e-01
3.905102488419764373e-01
3.897020254780492188e-01
3.888733797357580846e-01
3.880238138441761131e-01
3.871528186154010176e-01
3.862598732256282696e-01
3.853444449941233474e-01
3.844265850612088031e-01
3.834979239615324831e-01
3.825459761170008077e-01
3.815701816004310465e-01
3.805699680749927150e-01
3.795447505783757780e-01
3.784939313069761724e-01
3.774168993992363941e-01
3.763130307192216750e-01
3.751816876403831769e-01
3.646836905958640296e-01
3.629022926872491062e-01
3.610568315703356901e-01
3.591444420737542331e-01
3.571620944001762665e-01
3.550993847467365239e-01
3.521250162204302980e-01
3.493493120514942762e-01
3.470215710453374847e-01
3.450357496682916469e-01
3.430649677830719946e-01
3.410465578891315741e-01
3.389806239447847314e-01
3.368661199947958762e-01
3.348819257273371042e-01
3.340004286203269723e-01
3.330908081545730370e-01
3.321517329344182978e-01
3.311817197095495158e-01
3.301790989851762781e-01
3.291419708683060441e-01
3.280681546912098678e-01
3.269551219675413956e-01
3.257999108204737149e-01
3.213077191295363177e-01
3.089980870188815953e-01
2.939183443317587852e-01
2.785383590178013291e-01
2.637403999498738605e-01
2.496387180810505368e-01
2.362480526908417311e-01
2.235939568465857286e-01
2.116569768408860519e-01
2.003954355637522777e-01
1.897809392658542926e-01
1.797798924509707297e-01
1.703568583164009886e-01
1.614742762351474292e-01
1.530902591070681662e-01
1.451689435449406429e-01
1.377544140411611773e-01
1.307388428015845427e-01
1.240781272259384171e-01
1.178557874540302197e-01
1.119724317988340379e-01
1.064049629452037266e-01
1.012280429226607298e-01
9.629624575713202628e-02
9.173878484378664155e-02
8.742333576940820861e-02
8.338193504374369347e-02
7.964910494978982847e-02
7.606801210107523581e-02
7.280532432463650283e-02
6.975238791299981367e-02
6.682876314453073396e-02
6.410844536085499867e-02
6.165261454030721705e-02
5.930204773064081530e-02
5.704709433333850221e-02
5.489815164159705246e-02
5.304169924192828067e-02
5.125945096754048330e-02
4.955072171475377596e-02
4.791463448312302531e-02
4.634287593498425534e-02
4.485579171096258644e-02
4.359170700868351955e-02
4.237624900409169698e-02
4.120938164634108114e-02
4.009056132150153745e-02
3.901331696690300832e-02
3.797816485014130633e-02
3.698548229766987494e-02
3.602931254663836735e-02
3.511073363153559279e-02
3.435453572750858664e-02
3.364401195229019953e-02
3.294332028041500188e-02
2.072186220567992163e-02
2.327552962598181466e-02
3.108928229287886286e-02
3.053527762905050916e-02
3.001319121485772345e-02
2.952814414132507934e-02
2.908659984191770687e-02
2.868736159177917577e-02
2.833869054042049279e-02
2.805107043086341526e-02
2.782456268944436678e-02
2.767177487039383654e-02
2.760856473634675998e-02
2.763556832314216852e-02
2.777066582155984439e-02
2.803592802936587941e-02
2.843058964848663162e-02
2.897775043537527753e-02
2.970507811509548110e-02
2.987416000153103601e-02
2.914163982191379787e-02
3.152441475197890336e-02
3.387185468560004881e-02
3.638664325601598942e-02
3.904176380922590173e-02
4.161405550199488712e-02
4.410202320022664491e-02
4.669681082801358657e-02
4.929908854742091895e-02
5.181154353084772152e-02
5.426320947920972027e-02
5.683682035513527853e-02
5.948946715730453472e-02
6.146991747616151192e-02
5.614843202086224755e-02
5.065521074802014495e-02
5.232440806155781721e-02
5.460786445932420963e-02
5.735454148963135823e-02
6.041761228203600120e-02
6.367490305126825845e-02
6.727065479949712046e-02
7.111282202171485822e-02
7.500663932150286595e-02
7.921181752700369449e-02
8.345194963740043548e-02
8.783911033511489219e-02
9.231334490138611015e-02
9.687977857448142049e-02
1.015273896735889025e-01
1.061575716036758238e-01
1.108494874235276262e-01
1.153627325020866873e-01
1.197935647911544804e-01
1.238495476609036139e-01
1.274870442207195753e-01
1.304601916045458332e-01
1.324374099195507470e-01
1.331691989484204974e-01
1.322144536829261141e-01
1.288599622051482263e-01
1.225873707609648061e-01
1.124545918259811927e-01
9.714310837810548327e-02
7.636011665593882281e-02
5.041024928389879062e-02
2.262218037233581017e-02
2.328386189586447935e-310
-1.208700122279755796e-242
2.328373900546976505e-310
2.328386189588028945e-310
-4.912971936092070667e+79
2.328382661755367340e-310
2.328386189589609955e-310
-5.868710921120651916e+157
2.328373900398361558e-310
2.328386189591190965e-310
-8.782133611899777725e-98
2.328386042685316578e-310
