4.569818414935166717e-01
4.569818414935166717e-01
4.569818414935166717e-01
4.569818414935166717e-01
4.569818414935166717e-01
4.569818414935166717e-01
4.569818414935166717e-01
4.569818414935166717e-01
4.569818414935166717e-01
4.569818414935166717e-01
4.569818414935166717e-01
4.569818414935166717e-01
4.569818414935166717e-01
4.569818414935166717e-01
4.569818414935166717e-01
4.569818414935166717e-01
4.569818414935166717e-01
4.569818414935166717e-01
4.569818414935166717e-01
4.569818414935166717e-01
4.569818414935166717e-01
4.569818414935166717e-01
4.569818414935166717e-01
4.569818414935166717e-01
4.569818414935166717e-01
4.569818414935166717e-01
4.569818414935166717e-01
4.569818414935166717e-01
4.569818414935166717e-01
4.569818414935166717e-01
4.569818414935166717e-01
4.569818414935166717e-01
4.569818414935166717e-01
4.569818414935166717e-01
4.569818414935166717e-01
4.569818414935166717e-01
4.569818414935166717e-01
4.569818414935166717e-01
4.569818414935166717e-01
4.569818414935166717e-01
4.569818414935166717e-01
4.569818414935166717e-01
4.569818414935166717e-01
4.569818414935166717e-01
4.569818414935166717e-01
4.569818414935166717e-01
4.569818414935166717e-01
4.569818414935166717e-01
4.569818414935166717e-01
4.569818414935166717e-01
4.569818414935166717e-01
4.569818414935166717e-01
4.569818414935166717e-01
4.569818414935166717e-01
4.569818414935166717e-01
4.569818414935166717e-01
4.569818414935166717e-01
4.569818414935166717e-01
4.569818414935166717e-01
4.569818414935166717e-01
4.569818414935166717e-01
4.569818414935166717e-01
4.569818414935166717e-01
4.569818414935166717e-01
4.569818414935166717e-01
4.569818414935166717e-01
4.569818414935166717e-01
4.569818414935166717e-01
4.569818414935166717e-01
4.569818414935166717e-01
4.569818414935166717e-01
4.569818414935166717e-01
4.569818414935166717e-01
4.569818414935166717e-01
4.569818414935166717e-01
4.569818414935166717e-01
4.569818414935166717e-01
4.569818414935166717e-01
4.569818414935166717e-01
4.569818414935166717e-01
4.569818414935166717e-01
4.569818414935166717e-01
4.569818414935166717e-01
4.569818414935166717e-01
4.569818414935166717e-01
4.569818414935166717e-01
4.569818414935166717e-01
4.569818414935166717e-01
4.569818414935166717e-01
4.569818414935166717e-01
4.569818414935166717e-01
4.569818414935166717e-01
4.569818414935166717e-01
4.569818414935166717e-01
4.569818414935166717e-01
4.569818414935166717e-01
4.569818414935166717e-01
4.569818414935166717e-01
4.569818414935166717e-01
4.569818414935166717e-01
4.569818414935166717e-01
4.569818414935166717e-01
4.569818414935166717e-01
4.569818414935166717e-01
4.569818414935166717e-01
4.569818414935166717e-01
4.569818414935166717e-01
4.569818414935166717e-01
4.569818414935166717e-01
4.569818414935166717e-01
4.569818414935166717e-01
4.569818414935166717e-01
4.569818414935166717e-01
4.569818414935166717e-01
4.569818414935166717e-01
4.569818414935166717e-01
4.569818414935166717e-01
4.569818414935166717e-01
4.569818414935166717e-01
4.569818414935166717e-01
4.569818414935166717e-01
4.569818414935166717e-01
4.569818414935166717e-01
4.569818414935166717e-01
4.569818414935166717e-01
4.569818414935166717e-01
4.569818414935166717e-01
4.569818414935166717e-01
4.569818414935166717e-01
4.569818414935166717e-01
4.569818414935166717e-01
4.569818414935166717e-01
4.569818414935166717e-01
4.569818414935166717e-01
4.569818414935166717e-01
4.569818414935166717e-01
4.569818414935166717e-01
4.569818414935166717e-01
4.569818414935166717e-01
4.569818414935166717e-01
4.569818414935166717e-01
4.569818414935166717e-01
4.569818414935166717e-01
4.569818414935166717e-01
4.569818414935166717e-01
4.569818414935166717e-01
4.569818414935166717e-01
4.569818414935166717e-01
4.569818414935166717e-01
4.569818414935166717e-01
4.569818414935166717e-01
4.569818414935166717e-01
4.569818414935166717e-01
4.569818414935166717e-01
4.569818414935166717e-01
4.569818414935166717e-01
4.569818414935166717e-01
4.569818414935166717e-01
4.569818414935166717e-01
4.569818414935166717e-01
4.569818414935166717e-01
4.569818414935166717e-01
4.569818414935166717e-01
4.569818414935166717e-01
4.569818414935166717e-01
4.569818414935166717e-01
4.569818414935166717e-01
4.569818414935166717e-01
4.569818414935166717e-01
4.569818414935166717e-01
4.569818414935166717e-01
4.569818414935166717e-01
4.569818414935166717e-01
4.569818414935166717e-01
4.569818414935166717e-01
4.569818414935166717e-01
4.569818414935166717e-01
4.569818414935166717e-01
4.569818414935166717e-01
4.569818414935166717e-01
4.569818414935166717e-01
4.569818414935166717e-01
4.569785241114575070e-01
4.569752054985659617e-01
4.569718856066619650e-01
4.569685643847629097e-01
4.569652417787121723e-01
4.569619177310837999e-01
4.569585921809165563e-01
4.569552650634629010e-01
4.569519363098086817e-01
4.569486058467989720e-01
4.569452735964737999e-01
4.569419394759864916e-01
4.569386033969230487e-01
4.569352652652314273e-01
4.569319249805635641e-01
4.569285824358199077e-01
4.569252375169213787e-01
4.569218901019370671e-01
4.569185400606496361e-01
4.569151872540109238e-01
4.569118315333342562e-01
4.569084727396494627e-01
4.569051107030568382e-01
4.569017452415090053e-01
4.568983761604137883e-01
4.568950032512892889e-01
4.568916262908405690e-01
4.568882450398382700e-01
4.568848592420730048e-01
4.568814686226045918e-01
4.568780728869316077e-01
4.568746717190080298e-01
4.568712647800196036e-01
4.568678517061263156e-01
4.568644321071917425e-01
4.568610055642265966e-01
4.568575716275649623e-01
4.568541298143091178e-01
4.568506796058552366e-01
4.568472204452788676e-01
4.568437517343357790e-01
4.568402728303316840e-01
4.568367830427869647e-01
4.568332816298919519e-01
4.568297677943511381e-01
4.568262406796537722e-01
4.568226993653240475e-01
4.568191428621956596e-01
4.568155701073452479e-01
4.568119799584493546e-01
4.568083711883049181e-01
4.568047424781789823e-01
4.568010924111822191e-01
4.567974194653825482e-01
4.567937220058171932e-01
4.567899982767455458e-01
4.567862463926053995e-01
4.567824643292522357e-01
4.567786499139186440e-01
4.567748008150064321e-01
4.567709145310228092e-01
4.567669883793227803e-01
4.567630194834639834e-01
4.567590047607008041e-01
4.567549409084813994e-01
4.567508243900048615e-01
4.567466514197038863e-01
4.567424179476774482e-01
4.567381196436327007e-01
4.567337518801978802e-01
4.567293097157809623e-01
4.567247878767118907e-01
4.567201807391541579e-01
4.567154823106616135e-01
4.567106862109716614e-01
4.567057856533697779e-01
4.567007734253096807e-01
4.566956418694232411e-01
4.566903828646504127e-01
4.566849878076220115e-01
4.566794475946457932e-01
4.566737526042783935e-01
4.566678926808294126e-01
4.566618571187523457e-01
4.566556346480826201e-01
4.566492134217967069e-01
4.566425810036796040e-01
4.566357243586581793e-01
4.566286298440762059e-01
4.566212832031230073e-01
4.566136695597837747e-01
4.566057734151602876e-01
4.565975786457933117e-01
4.565890685028831664e-01
4.565802256128800862e-01
4.565710319789904048e-01
4.565614689831809514e-01
4.565515173884434064e-01
4.565411573411324864e-01
4.565303683729922124e-01
4.565191294021944124e-01
4.565074187339726586e-01
4.564952140595808228e-01
4.564824924545224372e-01
4.564692303751167191e-01
4.564554036539874571e-01
4.564409874942538803e-01
4.564259564626765853e-01
4.564102844823024197e-01
4.563939448241558505e-01
4.563769100988273042e-01
4.563591522482030038e-01
4.563406425371648867e-01
4.563213515456762126e-01
4.563012491618834154e-01
4.562803045750484232e-01
4.562584862698744748e-01
4.562357620211255349e-01
4.562120988885260964e-01
4.561874632126051710e-01
4.561618206099099515e-01
4.561351359690992702e-01
4.561073734457703477e-01
4.560784964575441691e-01
4.560484676781366709e-01
4.560172490298030623e-01
4.559848016755384537e-01
4.559510860085536632e-01
4.559160616408343136e-01
4.558796873889460755e-01
4.558419212580457347e-01
4.558027204228940477e-01
4.557620412067773241e-01
4.557198390567255286e-01
4.556760685163651070e-01
4.556306831950727720e-01
4.555836357342221699e-01
4.555348777698188800e-01
4.554843598914488645e-01
4.554320315983836909e-01
4.553778412517661134e-01
4.553217360234808608e-01
4.552636618418333114e-01
4.552035633339531762e-01
4.551413837650120087e-01
4.550770649747268304e-01
4.550105473108707055e-01
4.549040740491779866e-01
4.547870942294342522e-01
4.546663574345354841e-01
4.545417720515506632e-01
4.544132446784365231e-01
4.542806800553131907e-01
4.541439809936385075e-01
4.540030483039438347e-01
4.538577807220737226e-01
4.537080748337407043e-01
4.535538249990471171e-01
4.533949232758482939e-01
4.532312593435148806e-01
4.530627204277870024e-01
4.528891912264910169e-01
4.527105538388713213e-01
4.525266876986618336e-01
4.523374695141283430e-01
4.521427732166631297e-01
4.519424699230123466e-01
4.517364279165116403e-01
4.515245126531713948e-01
4.513065868051072127e-01
4.510825103550740178e-01
4.508521407609820675e-01
4.506153332207544771e-01
4.503719410744357332e-01
4.501218163981008380e-01
4.498648108622892994e-01
4.496007769523366893e-01
4.493295696788694449e-01
4.490510489360429736e-01
4.487650826927644943e-01
4.484715512010495897e-01
4.481703523475107365e-01
4.478614080925177876e-01
4.475446715458216151e-01
4.472201334703218567e-01
4.468878256846832153e-01
4.465478166951865058e-01
4.462001927658844624e-01
4.458450244107283189e-01
4.454823523918843287e-01
4.451122285951485402e-01
4.447228160758365245e-01
4.443203106852815498e-01
4.439093281687091497e-01
4.434894132760658358e-01
4.430600786530853874e-01
4.426208305327611892e-01
4.421711857555306047e-01
4.417106809908607490e-01
4.412388761550790073e-01
4.407553540250676583e-01
4.402597176585401062e-01
4.397515867706759951e-01
4.392305938132001208e-01
4.386963801952114550e-01
4.381485928766964966e-01
4.375868814291209996e-01
4.370108955779500315e-01
4.364202831935182214e-01
4.358146886710067003e-01
4.351937515727785089e-01
4.288737532698577715e-01
4.244731026649827821e-01
4.235228222416638211e-01
4.225321498521624197e-01
4.214947039059652178e-01
4.204463629543964132e-01
4.194083754695135391e-01
4.183832610659258266e-01
4.173704257726821298e-01
4.163697007335778744e-01
4.153811108504815164e-01
4.082254947037926573e-01
4.046272923941512945e-01
4.040900063452255719e-01
4.035389247099208654e-01
4.029737054835745846e-01
4.023939983810824739e-01
4.017994446567861866e-01
4.011896769213436076e-01
4.005643189552067773e-01
3.999229855195506889e-01
3.992652821639512961e-01
3.985908050310479345e-01
3.978991406582303436e-01
3.971898657764912355e-01
3.964625471060228001e-01
3.957167411495733922e-01
3.949574204100540498e-01
3.942618903548903986e-01
3.935486967819916693e-01
3.928174059455350475e-01
3.920675739498910017e-01
3.912987465444296431e-01
3.905104589158831518e-01
3.897022354783141740e-01
3.888735896605871600e-01
3.880240236916583929e-01
3.871530283835739050e-01
3.862600829125421020e-01
3.853446545976722537e-01
3.844267873148220493e-01
3.834981261275440256e-01
3.825461781932102401e-01
3.815703835845787872e-01
3.805701699647733860e-01
3.795449523714934936e-01
3.784941330009985450e-01
3.774171009916634789e-01
3.763132322075252167e-01
3.751818890219921765e-01
3.646839930294010768e-01
3.629025965698771672e-01
3.610571369535316433e-01
3.591447490112961161e-01
3.571624029481252904e-01
3.550996951895566411e-01
3.521253621994950289e-01
3.493496236731419846e-01
3.470218538597043545e-01
3.450360139809734994e-01
3.430652451822073790e-01
3.410468348954137641e-01
3.389809005399215258e-01
3.368663961580647959e-01
3.348820349591595247e-01
3.340005380976612259e-01
3.330909178846576113e-01
3.321518429271174133e-01
3.311818299710858060e-01
3.301792095248333725e-01
3.291420816949481853e-01
3.280682658139737473e-01
3.269552333958553603e-01
3.258000225640522718e-01
3.213087508693963090e-01
3.089993975130420623e-01
2.939198351482487648e-01
2.785398043647520083e-01
2.637417836877349875e-01
2.496400398800238396e-01
2.362493113221337815e-01
2.235951314691010938e-01
2.116580858497377482e-01
2.003964791707835980e-01
1.897819178341570157e-01
1.797808066941268823e-01
1.703577087441108528e-01
1.614750639313555225e-01
1.530909852125070525e-01
1.451696341950685087e-01
1.377550456861648398e-01
1.307394181232124086e-01
1.240786477426243928e-01
1.178562788101449876e-01
1.119728734564190836e-01
1.064053798292144970e-01
1.012284160079847395e-01
9.629659830865297532e-02
9.173909917981172557e-02
8.742363363136532173e-02
8.338219959407006110e-02
7.964935684988184994e-02
7.606825249187081084e-02
7.280553721268663570e-02
6.975259200476056909e-02
6.682895919623293990e-02
6.410861781979163010e-02
6.165278079175316034e-02
5.930220822920886231e-02
5.704724949433199327e-02
5.489828642254912516e-02
5.304182982152454151e-02
5.125957757776123530e-02
4.955084453904649161e-02
4.791475370191843747e-02
4.634299170961778819e-02
4.485589009303025954e-02
4.359180261771941622e-02
4.237634194640577806e-02
4.120947202051342823e-02
4.009064921298207546e-02
3.901340245311567950e-02
3.797824800480670976e-02
3.698556319050099600e-02
3.602939124288021683e-02
3.511081019220741589e-02
3.435459823199016327e-02
3.364407276824154386e-02
3.294337941088049115e-02
2.175334816540548666e-02
2.422803452616114836e-02
3.108933673335070869e-02
3.053533057147672994e-02
3.001324268902832992e-02
2.952819417393848234e-02
2.908664845608367397e-02
2.868740881003263923e-02
2.833873638169796122e-02
2.805111490991642198e-02
2.782460582127661841e-02
2.767181666607593238e-02
2.760860520251164421e-02
2.763560746822313341e-02
2.777070365027125426e-02
2.803596454248395708e-02
2.843062485103659692e-02
2.897778432968676696e-02
2.970511070096796408e-02
2.987419093106138956e-02
2.914166846420610663e-02
3.152444244441388738e-02
3.387188145613314466e-02
3.638667366581649354e-02
3.904179317547731842e-02
4.161408385849237057e-02
4.410205057903011927e-02
4.669684061097970768e-02
4.929911728339584492e-02
5.181157125301234095e-02
5.426323621699361693e-02
5.683684867124721291e-02
5.948949444147386134e-02
6.146994694369831841e-02
5.614846360030085332e-02
5.065523423964844729e-02
5.232443024701536466e-02
5.460788580336733977e-02
5.735456406198492785e-02
6.041763394141871912e-02
6.367492381288174241e-02
6.727067631550470717e-02
7.111284259811873065e-02
7.500666035294394074e-02
7.921183760437343346e-02
8.345196878696009568e-02
8.783912968725002268e-02
9.231336333104199487e-02
9.687979704568154549e-02
1.015274072391765398e-01
1.061575890973180392e-01
1.108495040408397220e-01
1.153627489724785987e-01
1.197935804342383226e-01
1.238495625221345403e-01
1.274870589240058583e-01
1.304602056069656957e-01
1.324374232846270705e-01
1.331692117454557900e-01
1.322144659911208830e-01
1.288599741212214378e-01
1.225873818937387033e-01
1.124546022753940000e-01
9.714311825604869666e-02
7.636012541309111779e-02
5.041025602208991374e-02
2.262218432774340190e-02
5.000000000000000104e-03
5.000000000000000104e-03
5.000000000000000104e-03
5.000000000000000104e-03
5.000000000000000104e-03
6.548131516292701182e-01
6.117224303175698985e-01
5.829528261193959171e-01
5.626161946021484006e-01
5.480891354895447432e-01
5.373332816575926429e-01
5.291516237910262044e-01
